2	1.355987362	0.008347706	11.45475372	0.057733008	0.611	0.011
3	1.507454362	0.013043683	12.05545509	0.068306979	0.744	0.017
4	1.469162284	0.007166014	13.40482574	0.026953403	0.77	0.015
7	1.648369762	0.023557455	13.29256945	0.196128567	0.751	0.018
9	1.406667604	0.016581621	13.30140995	0.092002303	0.77	0.017
11	1.471258956	0.00904804	12.80409731	0.108203639	0.753	0.016
12	1.347091629	0.012611858	12.26993865	0.027099251	0.706	0.015
14	1.374967345	0.010473565	12.4859533	0.043651728	0.725	0.018
16	1.283153478	0.007968977	13.20132013	0.048796959	0.719	0.01
17	1.242838145	0.015770842	13.56483993	0.117763125	0.692	0.016
18	1.46575985	0.018068481	13.70989855	0.103378725	0.777	0.02
19	1.352575981	0.010482816	11.48369316	0.096268902	0.701	0.012
20	1.381177316	0.016176879	12.98364061	0.067429969	0.736	0.016
21	1.390163205	0.007382355	11.8623962	0.035179111	0.67	0.013
23	1.373890583	0.013326282	12.56597135	0.0521082	0.68	0.014
25	1.428204176	0.007832706	11.95314368	0.035719411	0.593	0.014
26	1.468946472	0.011673718	13.31912627	0.039027807	0.743	0.02
27	1.386212728	0.009165964	13.77410468	0.068301346	0.774	0.014
28	1.383738307	0.009094976	14.44251878	0.104293174	0.734	0.022
29	1.392001559	0.020791181	13.16829076	0.097106174	0.778	0.036
30	1.316673031	0.01653881	12.70809506	0.08559271	0.702	0.015
31	1.394914143	0.015410621	13.48254011	0.076347133	0.771	0.013
32	1.233745404	0.004064081	14.43834825	0.087555678	0.747	0.015
33	1.481986455	0.017724011	12.79754287	0.083526323	0.737	0.025
36	1.432541615	0.008290789	12.46882793	0.093283002	0.687	0.012
38	1.235330451	0.005859999	8.580744809	0.039023466	0.242	0.007
39	1.548467018	0.006449948	14.22677479	0.058696325	0.764	0.02
40	1.460899037	0.005250196	12.38083447	0.032189863	0.738	0.01
41	1.50017252	0.013795673	12.48751249	0.043662631	0.726	0.012
42	1.387770962	0.020067964	13.1302521	0.044824915	0.769	0.011
43	1.394622336	0.014431688	13.43905389	0.039733797	0.767	0.013
44	1.419527014	0.013379978	12.69196599	0.05154752	0.727	0.01
46	1.466877897	0.009661271	13.17002502	0.083255788	0.761	0.014
47	1.412369532	0.020925323	13.41561578	0.084590011	0.748	0.012
48	1.493072145	0.008114523	13.04121022	0.068029266	0.751	0.011
49	1.441794746	0.006153165	12.88161793	0.08296804	0.753	0.01
50	1.427612888	0.00727594	13.34222815	0.076546472	0.758	0.015
51	1.478633742	0.009117112	12.68713524	0.07243353	0.74	0.015
54	1.399423438	0.011632813	12.02067556	0.066468455	0.733	0.02
55	1.485199982	0.009485022	13.26084074	0.103751439	0.728	0.014
56	1.445880686	0.011539952	13.46801347	0.081624324	0.734	0.019
57	1.317002502	0.006070735	15.19295047	0.066939466	0.731	0.012
59	1.483481434	0.008384732	12.97185108	0.164903542	0.766	0.021
60	1.366082894	0.015489315	13.34222815	0.097908279	0.763	0.016
61	1.351862867	0.006761873	13.51168761	0.040164454	0.732	0.011
63	1.460173761	0.01289925	13.36362421	0.037503155	0.738	0.012
64	1.380071764	0.005009093	14.06469761	0.079126288	0.751	0.015
65	1.307993146	0.007014469	14.45922499	0.068992832	0.779	0.013
67	1.42740911	0.009698485	13.91788448	0.120098655	0.768	0.017
71	1.384696336	0.007171016	14.39263097	0.045572522	0.766	0.014
74	1.399540951	0.006522521	13.88503194	0.042414705	0.764	0.011
75	1.295252898	0.012716815	14.17032733	0.084335234	0.791	0.016
76	1.299916805	0.012352319	15.3704273	0.042525006	0.79	0.012
77	1.393106907	0.006346242	13.90820584	0.03095011	0.751	0.015
78	1.398444929	0.012261914	13.94505648	0.13612522	0.793	0.02
79	1.320934165	0.011847647	14.50536699	0.094682552	0.783	0.016
80	1.324906925	0.005178366	13.66680333	0.042959748	0.777	0.013
82	1.371723296	0.004440635	13.39046599	0.046619191	0.739	0.014
83	1.237286877	0.005281532	14.61560947	0.046995529	0.729	0.013
84	1.194985839	0.00969606	11.88495365	0.064975977	0.691	0.016
87	1.355307384	0.008376073	12.86173633	0.090983344	0.739	0.013
88	1.473209682	0.009918485	13.4589502	0.09057167	0.762	0.015
89	1.51098486	0.007488487	13.06335728	0.052901904	0.755	0.013
90	1.38102472	0.009993881	12.58811682	0.038030564	0.762	0.012
91	1.344049891	0.007605239	13.83700014	0.095731286	0.78	0.013
92	1.313352859	0.019370579	13.16655695	0.055474631	0.79	0.014
93	1.407023863	0.010235133	13.13887794	0.027620818	0.752	0.013
94	1.18386627	0.022200383	13.99776036	0.08621241	0.788	0.013
97	1.334632376	0.014392448	14.14827391	0.05204515	0.799	0.011
98	1.324889372	0.020221423	14.22475107	0.09307803	0.787	0.012
100	1.46502974	0.009808646	13.32977873	0.10127931	0.775	0.018
101	1.40849038	0.008768596	14.34514417	0.137874718	0.767	0.016
104	1.32899196	0.016266883	14.07657658	0.081241503	0.781	0.016
105	1.301202311	0.013561951	14.41129846	0.112150183	0.807	0.016
106	1.373777338	0.015041495	13.67989056	0.080469944	0.784	0.019
107	1.445483587	0.016401969	13.27492367	0.068727203	0.775	0.014
108	1.26179781	0.009202533	13.80834024	0.078174807	0.731	0.012
109	1.240617828	0.00429418	14.50536699	0.023144624	0.773	0.011
110	1.244663505	0.003718049	13.81978994	0.07066504	0.759	0.013
113	1.299004962	0.00970263	14.50116009	0.031542547	0.748	0.015
114	1.365485976	0.015550363	14.74056604	0.036938329	0.767	0.013
115	1.36239782	0.011637921	12.300123	0.033284466	0.648	0.009
116	1.343778975	0.022048109	13.67240908	0.099075428	0.76	0.034
117	1.366512251	0.016862222	12.90988897	0.069999398	0.731	0.015
118	1.487342714	0.013251008	13.35648457	0.057086618	0.779	0.017
119	1.441898692	0.007754938	13.21003963	0.085507522	0.757	0.012
120	1.367577473	0.010623123	12.78118609	0.047374028	0.722	0.014
123	1.405125899	0.008035722	12.54075746	0.048753885	0.756	0.015
124	1.321353066	0.015120134	15.20681265	0.064749202	0.789	0.016
126	1.39637501	0.007779954	12.90322581	0.059937565	0.752	0.009
128	1.439449554	0.012597851	12.76487107	0.066806193	0.706	0.011
129	1.431147494	0.016078238	13.55197181	0.06244302	0.764	0.012
133	1.381998093	0.009721486	13.39943722	0.114908747	0.757	0.016
135	1.377106974	0.007282267	11.70686022	0.094564898	0.51	0.01
136	0.980584428	0.013942414	8.15394651	0.028589343	0.147	0.007
137	1.555427665	0.019040326	13.88310426	0.119499162	0.742	0.02
139	1.373381127	0.011147299	14.781966	0.11799352	0.808	0.019
140	1.363493817	0.008775025	12.32589671	0.027346991	0.711	0.011
141	1.332906803	0.005383221	12.76161307	0.097715261	0.696	0.012
142	1.225715511	0.009705365	13.5501355	0.095475209	0.745	0.013
144	1.293979115	0.005123609	12.99714063	0.050677699	0.733	0.012
145	1.370407422	0.006497937	12.78281989	0.073530218	0.762	0.014
150	1.454608928	0.009161791	14.11631846	0.079708179	0.782	0.02
152	1.415768833	0.004048891	14.47387466	0.123600898	0.781	0.018
153	1.398229841	0.015601273	13.67427868	0.048616333	0.748	0.013
154	1.367876782	0.006904311	14.20051122	0.05847981	0.781	0.015
155	1.321021414	0.011674703	14.57725948	0.087123562	0.774	0.02
156	1.488959366	0.00323682	13.55748373	0.05514161	0.781	0.015
157	1.459598319	0.005901283	13.00390117	0.074404636	0.774	0.014
160	1.453129314	0.011677064	13.13370108	0.081072229	0.761	0.015
161	1.391807819	0.008949536	13.11647429	0.044730893	0.77	0.017
164	1.19650143	0.014015517	6.901787563	0.023817336	0.02	0.004
