2	1.18469	0.00435085	10.5485	0.333814	0.6	0.014
3	1.24254	0.0101899	13.5135	0.146092	0.81	0.022
4	1.22145	0.0095484	14.1643	0.160502	0.762	0.024
5	1.24813	0.00981429	14.1643	0.0601883	0.809	0.022
7	1.25125	0.0230148	14.2045	0.2623	0.843	0.049
8	1.24626	0.0170848	14.2248	0.222578	0.851	0.045
9	1.20758	0.0129785	14.4092	0.207626	0.764	0.037
10	1.24409	0.0196566	13.947	0.233423	0.838	0.032
11	1.28485	0.017664	14.3885	0.248434	0.809	0.033
12	1.13753	0.0122927	12.3916	0.122841	0.737	0.014
14	1.13058	0.00869187	12.3916	0.184261	0.778	0.021
15	1.14903	0.00924187	11.9904	0.100639	0.772	0.016
16	1.04822	0.00835058	13.587	0.110763	0.775	0.015
18	1.2475	0.00996012	13.624	0.185613	0.83	0.017
20	1.1976	0.00516333	12.987	0.13493	0.848	0.015
21	1.23381	0.00745916	12.5313	0.0785171	0.72	0.014
22	1.20802	0.00598319	12.7551	0.0488078	0.667	0.013
23	1.18723	0.00563802	12.7551	0.0976156	0.74	0.014
25	1.17028	0.00890203	12.0192	0.144462	0.622	0.021
26	1.24673	0.0209834	13.9276	0.271568	0.728	0.033
27	1.21007	0.0149355	14.8368	0.132078	0.77	0.031
28	1.17055	0.00753602	13.9082	0.212782	0.793	0.043
29	1.20525	0.0152527	13.4771	0.254285	0.87	0.048
30	1.19531	0.00914417	12.5	0.109375	0.748	0.023
31	1.2427	0.00602277	14.0449	0.0789042	0.905	0.018
32	1.09337	0.00346685	14.3678	0.206434	0.819	0.017
33	1.23426	0.0117302	12.7551	0.22777	0.771	0.03
36	1.27535	0.00894581	13.4048	0.125783	0.771	0.016
39	1.36351	0.00910991	13.8122	0.15262	0.826	0.017
40	1.24828	0.00389553	12.987	0.101198	0.833	0.018
41	1.27178	0.00469052	12.837	0.115351	0.78	0.015
42	1.2273	0.00738064	13.5501	0.110164	0.809	0.015
43	1.22399	0.00464427	13.3333	0.0533333	0.773	0.018
44	1.25047	0.00453465	12.7551	0.113885	0.756	0.014
46	1.24239	0.0135831	13.4228	0.108103	0.846	0.02
49	1.20453	0.00986605	13.4409	0.0903284	0.798	0.014
50	1.15902	0.0138362	13.459	0.144915	0.817	0.027
51	1.23824	0.00628624	12.987	0.0843313	0.793	0.014
52	1.14718	0.00987023	13.7931	0.0760999	0.817	0.012
53	1.10583	0.00709256	12.6263	0.0478268	0.758	0.013
54	1.14837	0.00844001	12.3762	0.122537	0.817	0.018
55	1.26231	0.00621434	13.5318	0.146488	0.82	0.013
56	1.25063	0.00813313	13.4048	0.215627	0.783	0.02
59	1.29971	0.018075	12.9199	0.150231	0.732	0.027
60	1.16279	0.0098702	14.0647	0.0593447	0.847	0.018
61	1.15181	0.00782731	14.3678	0.144504	0.822	0.018
62	1.12549	0.00646034	14.7059	0.0865052	0.83	0.022
63	1.2279	0.0214098	14.1044	0.11936	0.812	0.032
64	1.16713	0.00558502	14.7275	0.0650701	0.767	0.019
65	1.16374	0.00541714	14.1243	0.0598487	0.725	0.019
69	1.13404	0.00810215	15.361	0.165172	0.81	0.019
70	1.19474	0.0131322	13.986	0.273852	0.806	0.033
71	1.1325	0.0152625	14.8368	0.28617	0.817	0.031
74	1.17633	0.00816417	14.1443	0.140042	0.853	0.031
75	1.16496	0.0150641	15.015	0.225451	0.887	0.05
76	1.17055	0.0139759	15.8228	0.225324	0.842	0.042
77	1.14916	0.0130737	14.0449	0.157808	0.82	0.021
78	1.09782	0.0155471	14.6199	0.149619	0.828	0.039
79	1.14903	0.00897782	13.6612	0.13064	0.893	0.05
80	1.11297	0.00867085	14.0647	0.0593447	0.78	0.016
82	1.2054	0.00566666	12.9534	0.100674	0.786	0.015
83	1.03993	0.00713765	14.8148	0.131687	0.793	0.019
84	1.0016	0.00551764	12.6422	0.159826	0.777	0.022
85	1.22115	0.00894725	13.0719	0.239224	0.751	0.035
87	1.14247	0.00522091	13.4409	0.12646	0.803	0.016
88	1.23977	0.0161389	13.4048	0.251565	0.823	0.047
89	1.27943	0.00687512	13.8313	0.0573911	0.815	0.019
90	1.21021	0.00512616	12.7714	0.130487	0.776	0.014
91	1.17165	0.00658922	14.3062	0.306999	0.815	0.021
92	1.12854	0.00878787	13.0378	0.118989	0.79	0.016
93	1.19147	0.00454272	13.9665	0.117038	0.798	0.018
94	1.0381	0.00905224	14.3678	0.103217	0.775	0.021
95	1.13443	0.0056625	13.8889	0.115741	0.73	0.031
96	1.2577	0.0115473	14.9031	0.222103	0.803	0.034
97	1.09039	0.0196178	14.1044	0.159147	0.809	0.03
98	1.09842	0.0117033	15.2672	0.209778	0.852	0.034
99	1.22384	0.0139294	14.3062	0.1228	0.832	0.034
100	1.19632	0.0127374	15.674	0.319376	0.761	0.039
101	1.18694	0.0173287	15.0602	0.20413	0.758	0.054
102	1.14995	0.0120338	14.3062	0.266066	0.847	0.034
104	1.17675	0.0217403	16.0772	0.491103	0.742	0.046
105	1.11173	0.00803362	15.3374	0.117618	0.815	0.021
106	1.15367	0.00585619	14.4718	0.125659	0.789	0.019
108	1.05619	0.00669321	15.1976	0.13858	0.758	0.02
109	1.06304	0.00723232	14.556	0.127127	0.747	0.017
110	1.05686	0.00524967	14.0056	0.117694	0.751	0.02
113	1.06598	0.0105678	15.2672	0.209778	0.775	0.016
114	1.13986	0.0102643	14.8368	0.154091	0.762	0.017
115	1.18751	0.00606375	12.4688	0.0621887	0.7	0.013
116	1.33156	0.0367021	14.6413	0.257241	0.788	0.027
117	1.25723	0.00806119	13.8122	0.133543	0.717	0.022
118	1.30073	0.0096438	14.4509	0.083531	0.759	0.023
119	1.24704	0.00653144	13.8313	0.0573911	0.823	0.015
120	1.16822	0.00504957	13.624	0.111368	0.768	0.018
123	1.1279	0.00763301	12.8535	0.132169	0.764	0.014
124	1.12829	0.00814739	15.1976	0.461932	0.822	0.013
126	1.14705	0.0048682	13.3156	0.0886523	0.811	0.013
129	1.2133	0.0080965	13.6986	0.168887	0.832	0.019
132	1.21536	0.00768095	13.5685	0.0736419	0.777	0.017
133	1.18483	0.0126345	14.3885	0.207029	0.827	0.023
135	1.17578	0.00248842	14.556	0.0635635	0.807	0.013
139	1.1946	0.00870513	16.6113	0.137968	0.825	0.022
140	1.15701	0.00696104	13.1062	0.0858857	0.737	0.015
141	1.1566	0.00642112	13.8313	0.0382607	0.751	0.017
142	1.08015	0.00513356	14.4509	0.187945	0.727	0.013
144	1.10656	0.00832646	13.4771	0.0544896	0.76	0.015
146	1.24023	0.00784471	14.9477	0.156403	0.798	0.023
150	1.19517	0.0158556	15.6495	0.0734716	0.886	0.054
152	1.23001	0.0181552	15.2439	0.209139	0.88	0.045
153	1.22459	0.0172456	14.1844	0.261556	0.815	0.035
154	1.18357	0.0222734	15.8983	0.202204	0.816	0.045
155	1.11957	0.00513909	14.9925	0.247253	0.82	0.017
157	1.2773	0.00881011	13.245	0.0701724	0.828	0.013
160	1.29333	0.010538	14.1243	0.159597	0.816	0.02
161	1.12982	0.0100842	13.2626	0.105538	0.797	0.02
162	1.05775	0.00682494	13.8122	0.0763102	0.702	0.014
