  2 737.47  4.54  87.30 0.44 0.611 0.011 1129.31 17.85  68.83 0.24 0.692 0.007       
  3 663.37  5.74  82.95 0.47 0.744 0.017 1222.05 12.99  62.27 0.20 0.839 0.012       
  4 680.66  3.32  74.60 0.15 0.770 0.015 1203.22 12.45  54.94 0.14 0.856 0.010       
  7 606.66  8.67  75.23 1.11 0.751 0.018 1199.76 14.68  56.25 0.23 0.840 0.012       
  9 710.90  8.38  75.18 0.52 0.770 0.017 1317.52 14.93  56.15 0.23 0.890 0.011       
 11 679.69  4.18  78.10 0.66 0.753 0.016 1231.98 13.05  56.74 0.21 0.856 0.013       
 12 742.34  6.95  81.50 0.18 0.706 0.015 1348.98 17.11  60.42 0.22 0.824 0.013       
 14 727.29  5.54  80.09 0.28 0.725 0.018 1287.50 18.07  62.40 0.24 0.797 0.011       
 16 779.33  4.84  75.75 0.28 0.719 0.010 1462.63 11.12  54.70 0.15 0.826 0.006       
 17 804.61 10.21  73.72 0.64 0.692 0.016 1490.98 21.56  56.19 0.21 0.806 0.010       
 18 682.24  8.41  72.94 0.55 0.777 0.020 1194.89 10.85  54.91 0.21 0.857 0.012       
 19 739.33  5.73  87.08 0.73 0.701 0.012 1320.48 18.66  59.87 0.20 0.794 0.008       
 20 724.02  8.48  77.02 0.40 0.736 0.016 1340.12 28.73  61.87 0.34 0.833 0.011       
 21 719.34  3.82  84.30 0.25 0.670 0.013 1257.86 23.58  60.20 0.16 0.725 0.007       
 23 727.86  7.06  79.58 0.33 0.680 0.014 1246.73 13.21  61.23 0.20 0.754 0.009       
 25 700.18  3.84  83.66 0.25 0.593 0.014 1249.06 16.85  63.65 0.26 0.670 0.010       
 26 680.76  5.41  75.08 0.22 0.743 0.020 1306.68 16.56  57.62 0.25 0.828 0.015       
 27 721.39  4.77  72.60 0.36 0.774 0.014 1335.11 11.23  53.92 0.17 0.884 0.009       
 28 722.68  4.75  69.24 0.50 0.734 0.022 1266.46 20.37  55.65 0.26 0.788 0.014       
 29 718.39 10.73  75.94 0.56 0.778 0.036 1317.52 23.61  59.37 0.30 0.860 0.025       
 30 759.49  9.54  78.69 0.53 0.702 0.015 1372.31 20.90  61.39 0.20 0.766 0.010       
 31 716.89  7.92  74.17 0.42 0.771 0.013 1265.82 15.54  55.36 0.15 0.867 0.008       
 32 810.54  2.67  69.26 0.42 0.747 0.015 1427.14 18.13  53.92 0.11 0.822 0.009       
 33 674.77  8.07  78.14 0.51 0.737 0.025 1287.17 12.92  59.00 0.26 0.852 0.016       
 36 698.06  4.04  80.20 0.60 0.687 0.012 1210.65 16.42  59.67 0.18 0.779 0.009       
 38 809.50  3.84 116.54 0.53 0.242 0.007 1184.55 12.21  81.90 0.13 0.377 0.004       
 39 645.80  2.69  70.29 0.29 0.764 0.020 1099.75 16.69  57.70 0.25 0.857 0.013       
 40 684.51  2.46  80.77 0.21 0.738 0.010 1193.03 12.67  59.27 0.14 0.850 0.006       
 41 666.59  6.13  80.08 0.28 0.726 0.012 1230.47 11.81  59.05 0.12 0.856 0.007       
 42 720.58 10.42  76.16 0.26 0.769 0.011 1294.16 10.22  58.01 0.14 0.891 0.007       
 43 717.04  7.42  74.41 0.22 0.767 0.013 1238.85 16.27  58.17 0.19 0.787 0.007       
 44 704.46  6.64  78.79 0.32 0.727 0.010 1228.20 14.93  61.50 0.24 0.786 0.005       
 46 681.72  4.49  75.93 0.48 0.761 0.014 1199.62 10.22  56.30 0.17 0.864 0.008       
 47 708.03 10.49  74.54 0.47 0.748 0.012 1194.03 15.97  55.59 0.11 0.853 0.008       
 48 669.76  3.64  76.68 0.40 0.751 0.011 1176.33  8.03  57.27 0.14 0.878 0.006       
 49 693.58  2.96  77.63 0.50 0.753 0.010 1234.11 11.58  56.83 0.11 0.805 0.006       
 50 700.47  3.57  74.95 0.43 0.758 0.015 1217.29 16.15  54.82 0.22 0.814 0.009       
 51 676.30  4.17  78.82 0.45 0.740 0.015 1200.77 10.67  58.73 0.21 0.831 0.009       
 54 714.58  5.94  83.19 0.46 0.733 0.020 1345.90 14.67  63.06 0.37 0.842 0.014       
 55 673.31  4.30  75.41 0.59 0.728 0.014 1168.77  9.02  54.84 0.11 0.854 0.010       
 56 691.62  5.52  74.25 0.45 0.734 0.019 1181.47  9.63  67.32 0.47 0.812 0.012       
 57 759.30  3.50  65.82 0.29 0.731 0.012 1378.93 14.07  44.90 0.11 0.878 0.009       
 59 674.09  3.81  77.09 0.98 0.766 0.021 1229.71 16.33  59.16 0.30 0.849 0.014       
 60 732.02  8.30  74.95 0.55 0.763 0.016 1316.66 18.55  55.38 0.31 0.827 0.010       
 61 739.72  3.70  74.01 0.22 0.732 0.011 1273.24 15.08  54.78 0.20 0.821 0.006       
 63 684.85  6.05  74.83 0.21 0.738 0.012 1258.97 13.47  55.65 0.16 0.847 0.007       
 64 724.60  2.63  71.10 0.40 0.751 0.015 1282.38 22.53  52.59 0.15 0.831 0.009       
 65 764.53  4.10  69.16 0.33 0.779 0.013 1388.50 17.35  52.23 0.13 0.849 0.008       
 67 700.57  4.76  71.85 0.62 0.768 0.017 1307.87 18.13  54.02 0.14 0.850 0.010       
 71 722.18  3.74  69.48 0.22 0.766 0.014 1342.82 15.69  50.91 0.19 0.868 0.009       
 74 714.52  3.33  72.02 0.22 0.764 0.011 1322.93 16.28  53.91 0.09 0.854 0.006       
 75 772.05  7.58  70.57 0.42 0.791 0.016 1420.66 14.13  52.99 0.20 0.916 0.010       
 76 769.28  7.31  65.06 0.18 0.790 0.012 1327.84 18.69  51.57 0.19 0.804 0.007       
 77 717.82  3.27  71.90 0.16 0.751 0.015 1274.21 14.45  56.01 0.14 0.846 0.009       
 78 715.08  6.27  71.71 0.70 0.793 0.020 1370.43 15.40  53.41 0.22 0.896 0.012       
 79 757.04  6.79  68.94 0.45 0.783 0.016 1436.99 29.32  51.89 0.18 0.874 0.009       
 80 754.77  2.95  73.17 0.23 0.777 0.013 1373.25 14.14  55.24 0.14 0.871 0.008       
 82 729.01  2.36  74.68 0.26 0.739 0.014 1271.13 32.96  56.45 0.12 0.856 0.009       
 83 808.22  3.45  68.42 0.22 0.729 0.013 1417.43 21.70  52.89 0.16 0.772 0.007       
 84 836.83  6.79  84.14 0.46 0.691 0.016 1409.84 25.64  62.32 0.20 0.770 0.009       
 87 737.84  4.56  77.75 0.55 0.739 0.013 1282.87 16.79  59.23 0.18 0.845 0.007       
 88 678.79  4.57  74.30 0.50 0.762 0.015 1275.84 17.91  55.96 0.14 0.855 0.009       
 89 661.82  3.28  76.55 0.31 0.755 0.013 1210.65 14.22  57.27 0.16 0.897 0.009       
 90 724.10  5.24  79.44 0.24 0.762 0.012 1277.30 16.15  59.29 0.14 0.873 0.008       
 91 744.02  4.21  72.27 0.50 0.780 0.013 1279.75 16.38  54.31 0.22 0.851 0.009       
 92 761.41 11.23  75.95 0.32 0.790 0.014 1332.09 22.71  59.81 0.18 0.876 0.009       
 93 710.72  5.17  76.11 0.16 0.752 0.013 1248.75 20.74  56.48 0.27 0.871 0.009       
 94 844.69 15.84  71.44 0.44 0.788 0.013 1417.64 27.93  54.23 0.07 0.838 0.008       
 97 749.27  8.08  70.68 0.26 0.799 0.011 1368.93 19.11  53.12 0.11 0.905 0.007       
 98 754.78 11.52  70.30 0.46 0.787 0.012 1370.61 16.53  53.67 0.14 0.883 0.007       
100 682.58  4.57  75.02 0.57 0.775 0.018 1305.31 17.21  55.02 0.11 0.891 0.011       
101 709.98  4.42  69.71 0.67 0.767 0.016 1335.11 15.69  52.15 0.10 0.893 0.010       
104 752.45  9.21  71.04 0.41 0.781 0.016 1311.48 17.37  50.66 0.19 0.884 0.011       
105 768.52  8.01  69.39 0.54 0.807 0.016 1345.90 24.27  52.93 0.12 0.886 0.010       
106 727.92  7.97  73.10 0.43 0.784 0.019 1318.04 25.02  56.94 0.20 0.841 0.012       
107 691.81  7.85  75.33 0.39 0.775 0.014 1228.20 15.69  58.79 0.18 0.855 0.009       
108 792.52  5.78  72.42 0.41 0.731 0.012 1487.65 21.91  51.63 0.19 0.877 0.008       
109 806.05  2.79  68.94 0.11 0.773 0.011 1452.22 20.67  52.08 0.21 0.857 0.006       
110 803.43  2.40  72.36 0.37 0.759 0.013 1505.12 37.83  54.01 0.11 0.835 0.008       
113 769.82  5.75  68.96 0.15 0.748 0.015 1436.16 24.75  66.86 0.19 0.886 0.008       
114 732.34  8.34  67.84 0.17 0.767 0.013 1372.68 24.50  53.83 0.11 0.796 0.007       
115 734.00  6.27  81.30 0.22 0.648 0.009 1236.55 19.57  63.86 0.26 0.758 0.005       
116 744.17 12.21  73.14 0.53 0.760 0.034 1324.85 76.53  54.72 0.46 0.834 0.029       
117 731.79  9.03  77.46 0.42 0.731 0.015 1178.97 25.85  57.70 0.31 0.774 0.009       
118 672.34  5.99  74.87 0.32 0.779 0.017 1232.13 17.46  55.59 0.18 0.907 0.010       
119 693.53  3.73  75.70 0.49 0.757 0.012 1247.66 15.57  57.74 0.20 0.853 0.007       
120 731.22  5.68  78.24 0.29 0.722 0.014 1319.09 17.92  57.36 0.19 0.873 0.008       
123 711.68  4.07  79.74 0.31 0.756 0.015 1315.79 20.08  61.17 0.26 0.850 0.009       
124 756.80  8.66  65.76 0.28 0.789 0.016 1310.62 18.55  49.94 0.16 0.889 0.010       
126 716.14  3.99  77.50 0.36 0.752 0.009 1325.21 20.20  58.38 0.12 0.840 0.005       
128 694.71  6.08  78.34 0.41 0.706 0.011 1240.85 21.25  58.94 0.26 0.804 0.006       
129 698.74  7.85  73.79 0.34 0.764 0.012 1269.04 19.33  54.69 0.16 0.895 0.007       
133 723.59  5.09  74.63 0.64 0.757 0.016 1297.35 20.20  54.32 0.15 0.865 0.010       
135 726.16  3.84  85.42 0.69 0.510 0.010 1325.03 13.87  56.68 0.18 0.833 0.007       
136 1019.8 14.50 122.64 0.43 0.147 0.007 1413.83 23.79  92.66 0.38 0.204 0.004       
137 642.91  7.87  72.03 0.62 0.742 0.020 1139.73 44.69  54.70 0.21 0.789 0.017       
139 728.13  5.91  67.65 0.54 0.808 0.019 1328.90 17.84  47.86 0.14 0.870 0.012       
140 733.41  4.72  81.13 0.18 0.711 0.011 1841.28 66.45 119.28 3.34 0.066 0.061       
141 750.24  3.03  78.36 0.60 0.696 0.012 1299.04 20.08  57.01 0.16 0.781 0.007       
142 815.85  6.46  73.80 0.52 0.745 0.013 1523.93 26.24  54.78 0.24 0.864 0.008       
144 772.81  3.06  76.94 0.30 0.733 0.012 1291.49 20.52  58.32 0.12 0.804 0.007       
145 729.71  3.46  78.23 0.45 0.762 0.014 1323.63 20.50  58.38 0.21 0.878 0.010       
150 687.47  4.33  70.84 0.40 0.782 0.020 1269.04 21.10  50.82 0.20 0.862 0.012       
152 706.33  2.02  69.09 0.59 0.781 0.018 1268.71 20.44  52.05 0.22 0.879 0.011       
153 715.19  7.98  73.13 0.26 0.748 0.013 1291.66 21.19  54.79 0.17 0.862 0.007       
154 731.06  3.69  70.42 0.29 0.781 0.015 1382.36 21.59  51.60 0.19 0.891 0.010       
155 756.99  6.69  68.60 0.41 0.774 0.020 1349.71 21.31  58.71 0.27 0.846 0.011       
156 671.61  1.46  73.76 0.30 0.781 0.015 1200.77 17.88  54.99 0.20 0.879 0.010       
157 685.12  2.77  76.90 0.44 0.774 0.014 1228.80 10.87  55.82 0.18 0.889 0.009       
160 688.17  5.53  76.14 0.47 0.761 0.015 1174.12 15.99  56.95 0.23 0.823 0.010       
161 718.49  4.62  76.24 0.26 0.770 0.017 1400.36 15.30  57.40 0.19 0.864 0.010       
164 835.77  9.79 144.89 0.50 0.020 0.004 1082.60  6.33 113.04 0.20 0.253 0.003       
