0.12515181248502433
0.059803300274838087
0.059803300274838087
0.14844982098478282
0.12515181248502433
0.04045177609298341
0.04045177609298341
0.10540478716476061
0.06503657919233924
0.04045177609298341
0.004462467343365448
0.004462467343365448
0.008924934686730897
0.008924934686730897
0.008924934686730897
0.016131957865165872
0.01097660320417531
0.01806730333960875
0.017849869373461794
0.009142368652877852
0.002021106113520247
0.0024812625360369693
0.002168629251812256
0.0025882055529119737
0.002828974280636401
0.0018139395000501383
0.0015939069461694952
0.0030138169259869545
0.0027681875188357904
0.0015939069461694952
0.004772943871008343
0.0028738255493217183
0.00464018573001448
0.0033190283015040838
0.0038092610930170138
0.001408079851393357
0.002492972663205877
0.0024872584732488537
0.001408079851393357
0.001408079851393357
0.001811471443403328
0.001811471443403328
0.001811471443403328
0.003314033249939721
0.002147213066808603
0.003452963543098114
0.003314033249939721
0.0032245649188131975
0.004468548171723065
0.005127996339066774
