1.3003086419753083E-5
1.7337448559670778E-5
1.3003086419753083E-5
1.7337448559670778E-5
2.6006172839506167E-5
3.0340534979423863E-4
2.600617283950617E-4
2.600617283950617E-4
2.600617283950617E-4
2.600617283950617E-4
5.36141975308642E-4
0.0013003086419753084
0.0010524074074074073
5.36141975308642E-4
0.0011702777777777775
4.8761574074074066E-4
5.063271604938272E-4
5.063271604938272E-4
4.8761574074074066E-4
9.752314814814813E-4
0.008739763374485598
0.008739763374485598
0.009503425925925926
0.013752808641975308
0.008739763374485598
0.02727712962962963
0.02792351851851852
0.016020895061728394
0.018435493827160494
0.016020895061728394
0.031459259259259256
0.03731021604938271
0.04666666666666666
0.024239814814814815
0.047188888888888884
0.03959876543209876
0.06046188271604938
0.04688648148148148
0.03914074074074074
0.03914074074074074
0.037314814814814815
0.07222222222222222
0.029699074074074072
0.0406625
0.037314814814814815
0.04462962962962963
0.06
0.03611111111111111
0.029699074074074072
0.03611111111111111
