0.7455244	0.7168244	0.69622445	0.7836244	0.9680244	0.9345244	0.8503244	0.87442446	0.7308244	0.77742445	0.85922444	0.85572445	0.6970244	0.7671244	0.8795244	0.8249244	0.6759244	0.8439244	0.8077244	1.0427244	0.9992244
0.9593244	1.0329244	0.92392445	1.0243244	0.95472443	1.0271244	1.1610243	1.0111244	0.89662445	0.8972244	0.89152443	0.83562446	0.8783244	0.8680244	0.6817244	0.6629244	0.7466244	0.7958244	0.7696244	0.6995244	0.8217244
0.9470244	0.9191244	0.9772244	1.0248244	1.0171244	0.99432445	0.96262443	0.9142244	0.9457244	0.9166244	0.8790244	0.85522443	0.83122444	1.0511243	0.8835244	0.9549244	0.9329244	0.88232446	0.8950244	0.9039244	0.8208244
0.69692445	0.77592444	0.7564244	0.9150244	0.9327244	0.8195244	0.8734244	0.7743244	1.0167243	0.8518244	0.8690244	0.8016244	0.9429244	0.92032444	0.9594244	0.8612244	0.7893244	0.7154244	0.5796244	0.5035244	0.7030244
0.9506244	1.0144244	0.88952446	0.7102244	0.53882444	0.49882442	0.5761244	0.6369244	0.8110244	0.8856244	0.9536244	0.8634244	0.8007244	0.89882445	1.0724244	0.92602444	0.7771244	0.89872444	0.82902443	0.76082444	0.88872445
1.0774244	1.0134244	0.9628244	1.1076244	1.0200244	0.9595244	0.7196244	0.7086244	0.90312445	0.86312443	0.8652244	0.8009244	0.58692443	0.68322444	0.7332244	0.9571244	0.80392444	0.83122444	0.9317244	0.8261244	0.7940244
1.7359245	1.7904243	1.7378244	1.7798245	1.9297245	1.9753244	2.0483243	1.9911244	2.0637245	1.9651244	1.8816245	1.8923244	1.8419244	1.7326245	1.3354244	1.0754244	1.1075244	0.9458244	1.0555243	1.0994244	1.1323245
1.7359245	1.8278244	1.7360244	1.7362244	1.7607243	1.8767245	1.8123245	1.8065245	1.8241243	1.8289244	1.7732244	1.6766245	1.4761244	1.4263244	1.3006244	1.2615244	1.1997244	1.0455244	0.7732244	0.7542244	0.8115244
1.7359245	1.5824244	1.5848243	1.7353244	1.5747244	1.5391245	1.4727244	1.5311244	1.5408244	1.6194243	1.6372244	1.5982244	1.6730244	1.7928245	1.8856244	1.9026244	1.9130244	1.8605244	2.0860245	2.0191245	1.7049243
1.7359245	1.7638245	1.7049243	1.5514245	1.5161245	1.6019244	1.4844244	1.4932244	1.4313245	1.3755244	1.4706244	1.2720244	1.0020244	1.0687244	1.0169244	0.95262444	0.9910244	0.90462446	0.9536244	0.9499244	0.8064244
2.9551244	3.0816243	2.9782243	3.0866244	3.1727242	3.0858243	3.2885244	3.3005245	3.1239243	3.0162244	2.9992244	2.9550242	2.8471243	2.8239243	2.7966244	2.8687243	2.8528244	3.0188243	2.9432244	3.0786242	3.1640244
2.8570244	2.9720244	2.9019244	2.9309244	2.8328245	2.9620245	3.0029244	3.0641243	2.9851243	2.8550243	2.8578243	2.8279243	2.8875244	3.0571244	2.9217243	2.7999244	2.8514245	2.9367244	2.8365242	2.8959243	3.0090244
2.8450243	2.9264243	2.7731245	2.7685244	2.9390244	2.8546243	2.9632244	2.9462245	2.9880245	3.2151244	3.1693244	3.1777244	3.1613243	3.1444244	3.0583243	2.9751244	2.9934244	3.0146244	3.2327244	3.0954244	3.1147244
2.9758244	2.9564245	2.9372244	3.0360243	3.1089244	3.1347244	3.2099245	3.1776245	3.1935244	3.0919244	3.1457243	3.2686243	3.3688242	3.3203244	3.4597244	3.3972244	3.3892243	3.4989243	3.5164244	3.6221244	3.7213244
2.6198244	2.4460244	2.4731245	2.4782245	2.5943244	2.5595243	2.6308243	2.8782244	2.7900243	2.8728244	2.9507244	2.9703243	3.0135243	3.0445244	3.0248244	2.9745243	2.9807243	3.0136244	2.9418244	3.2530243	3.4114244
3.6751244	3.7576244	3.9200244	3.8112245	3.9094243	3.8283243	3.7087243	3.6640244	3.5689244	3.5720243	3.5668244	3.6577244	3.5800242	3.5370243	3.6401243	3.6463244	3.4987245	3.4065244	3.3185244	3.2448244	3.3310244
3.2861245	3.2076244	3.0405242	3.0511243	3.1477244	3.1239243	3.2620244	3.1213243	3.0711243	3.1673243	3.3097243	3.2955244	3.1669245	3.1572244	3.3017244	3.3478243	3.3608243	3.3165243	3.2722244	3.2274244	3.2699244
3.2861245	3.2464244	3.2643244	3.3557243	3.2578244	3.1183243	3.0555243	2.9952245	2.9910243	2.9109244	2.9519243	2.9020243	2.7860243	2.7258244	2.6480243	2.6539245	2.7028244	2.9625244	3.0007243	3.1214244	3.0870245
3.6751244	3.5510244	3.4424243	3.4009244	3.4891243	3.3676243	3.2195244	3.2028244	3.1258245	3.0274243	3.0322244	3.1123245	3.0323243	3.0729244	3.1367245	3.3635244	3.4305243	3.5475245	3.4402244	3.3903244	3.5505245
3.0204244	2.9534245	3.0469244	3.0885243	3.1681244	3.2408245	3.3233244	3.3080244	3.3807244	3.2293243	3.2095244	3.0937243	3.0827243	3.0315244	3.0447245	2.8690243	2.8810244	3.1661243	3.3559244	3.4134243	3.5232244
4.4578247	4.6097245	4.7133245	4.6525245	4.745825	4.7920246	4.8965244	4.9947248	5.0718246	4.9858246	5.016525	5.0844245	5.0043244	5.1879244	5.2249246	4.927325	5.0715246	5.0431247	5.0806246	5.035825	5.0635247
4.4578247	4.4817243	4.5514245	4.533725	4.4602246	4.4189243	4.3289247	4.4361243	4.4473243	4.5621247	4.4865246	4.5250244	4.3799243	4.3528247	4.3365245	4.2886243	4.2670245	4.2613244	4.3099246	4.1987243	4.3492246
4.8309245	5.0104246	5.1477246	5.0001245	5.066025	5.0355244	4.9632244	4.9893246	5.0360246	4.8944244	4.8766246	4.879225	4.8341246	4.8547244	4.906625	4.952625	4.7456245	4.7162247	4.6832247	4.7080245	4.745125
4.8998246	4.8249245	4.883125	4.976525	5.0325246	5.1934247	5.0757246	5.0423245	5.0238247	5.0971246	5.1396246	4.9875245	5.028825	5.0090246	5.0092244	4.9776244	4.9425244	4.8039246	4.8014245	4.9216247	4.8451247
4.4578247	4.6300244	4.6177244	4.7042246	4.6288247	4.7667246	4.7117248	4.5860248	4.7777247	4.8436246	4.7172246	4.642225	4.713525	4.648925	4.7751245	4.7406244	4.8046246	4.8022246	4.9567246	5.0468245	5.1683245
5.2050247	5.1905246	5.375025	5.4782248	5.4137244	5.4660244	5.5141244	5.554425	5.4421244	5.1964245	5.2353244	5.030225	5.0048246	5.0917244	5.0830245	5.1466246	5.0972247	4.9836245	4.9524245	4.9112244	4.7842245
5.598325	5.7175245	5.5561247	5.4002247	5.209625	5.137325	4.9560246	5.1079245	5.052325	4.9630246	4.9843245	5.0062246	4.9364247	4.9626245	4.9125247	4.8830247	4.9069247	4.8552246	4.8136244	4.7378244	4.7814245
5.4947248	5.4796247	5.4624248	5.5187244	5.4767246	5.5046244	5.4242244	5.3947244	5.456125	5.3784246	5.6158247	5.5489244	5.5134244	5.4552245	5.3818245	5.4146247	5.4653244	5.6077247	5.6605244	5.7338247	5.735625
5.3042245	5.3042245	5.4973245	5.7201247	5.5469246	5.608525	5.5104246	5.3858247	5.341325	5.2319245	5.2817245	5.2691245	5.2677245	5.1913247	5.2422247	5.0635247	5.0609245	4.9660244	4.8856244	4.833925	4.7494245
5.4947248	5.5599246	5.5101247	5.6252246	5.4637246	5.3912244	5.4327245	5.5430245	5.5192246	5.4565244	5.4472246	5.291825	5.4632244	5.5441246	5.7004247	5.7701244	5.7426248	5.8154244	5.8998246	5.7891245	5.8953247
6.6617246	6.5594244	6.3869247	6.2048244	6.3096247	6.262325	6.239825	6.0703244	6.265825	6.0437245	6.1311245	6.1801248	6.115525	6.0665245	5.8992248	5.6294246	5.4516244	5.2668247	5.1685247	5.1434245	5.0807247
6.6159244	6.6058245	6.5264244	6.3931246	6.3788247	6.2229247	6.1641245	6.1316247	6.0770245	5.9501247	6.1186247	6.248625	6.2773247	6.1987247	6.1890244	6.1374245	6.1280246	6.3825245	6.509525	6.578325	6.5977244
6.8604245	6.9572244	7.0521245	7.1170244	7.2175245	7.3216248	7.3207245	7.1801248	7.020725	7.0543246	7.2094245	7.2399244	6.9880247	6.9738245	7.0470247	6.9602246	7.0891247	6.9734244	7.0910244	7.0380244	6.9523244
6.361325	6.3896246	6.3643246	6.2898245	6.2839246	6.4737244	6.4383245	6.4954247	6.5972247	6.6006246	6.6604247	6.678725	6.8875246	6.8043246	6.7799244	6.7806244	6.7344246	6.8246245	6.8724246	6.8150244	6.8075247
6.6741247	6.780225	6.7271247	6.868725	6.7120247	6.7683244	6.6259246	6.4771247	6.4036245	6.3556247	6.2117248	6.1769247	6.0648246	6.0098248	6.0479245	6.0599246	5.9748244	6.0919247	5.9847245	5.9053245	5.794625
7.2983246	7.4366245	7.4193244	7.366925	7.3071246	7.1857247	7.1393247	7.1578245	7.1971245	7.1518245	7.1033244	6.9886246	6.9394245	6.9461246	6.8994246	6.9757247	6.8519244	6.7892246	6.6646247	6.6814246	6.7303247
7.7773247	7.8734245	7.8683248	7.9072247	8.045224	8.245725	8.323725	8.411525	8.402225	8.356924	8.325924	8.314724	8.3509245	8.359425	8.265024	8.161824	8.210824	8.089424	8.124024	8.2596245	8.321824
7.9668245	8.136024	8.124624	8.238324	8.151025	8.124325	8.040424	8.086425	8.089025	8.2519245	8.401025	8.389524	8.479424	8.455124	8.380224	8.237624	8.147624	8.118424	8.157524	8.285224	8.318324
7.8948245	7.9674244	7.9344244	7.7629247	7.6855245	7.732825	7.676625	7.6563244	7.6692247	7.6010246	7.6341248	7.7043247	7.737725	7.7688246	7.8120246	7.9072247	8.013624	8.038824	7.9151244	7.9722247	7.9390244
7.8948245	8.139625	7.9629245	8.0960245	7.993025	7.9675245	7.882725	8.030524	7.9953246	8.188825	8.153625	8.021924	7.9407244	8.105524	8.102824	8.225024	8.112024	7.956825	7.7607245	7.8437247	7.8814244
8.762124	8.874825	8.753424	8.653424	8.418724	8.435425	8.440524	8.356124	8.4085245	8.462324	8.417825	8.569224	8.629224	8.564124	8.583624	8.5321245	8.504224	8.481124	8.470924	8.408725	8.207424
8.783824	8.622224	8.684124	8.646424	8.507824	8.5068245	8.663324	8.681124	8.653524	8.672224	8.829424	8.859924	8.825624	8.742125	8.765924	8.859524	8.791924	8.777225	8.844824	8.862524	8.918424
8.713524	8.702424	8.7547245	8.665324	8.686424	8.5019245	8.520225	8.486424	8.543824	8.699424	8.786824	8.797124	8.896924	8.919624	9.053424	9.098624	9.092424	9.105824	9.137424	9.160824	9.140024
8.576224	8.547524	8.450825	8.354824	8.440724	8.450125	8.439625	8.550124	8.5939245	8.589524	8.431125	8.558624	8.756624	8.845724	8.854724	8.740824	8.796225	8.760524	8.752024	8.615424	8.701524
8.762124	8.638924	8.775924	8.811724	8.714424	8.733824	8.728924	8.667124	8.830824	8.827424	8.890624	8.911024	8.878124	9.078424	9.120124	9.202825	9.123024	9.083924	9.151924	9.196324	9.1304245
9.290124	9.163924	9.173424	9.154424	9.244024	9.357624	9.374724	9.319824	9.322724	9.235924	9.398324	9.274724	9.169924	9.265824	9.375924	9.4422245	9.363625	9.391424	9.358924	9.413324	9.335024
9.241124	9.184525	9.273224	9.338824	9.238024	9.070524	9.155924	9.378424	9.350724	9.2554245	9.295724	9.361224	9.459125	9.194524	9.251324	9.322924	9.380924	9.391424	9.281724	9.298325	9.295824
9.377124	9.303124	9.167124	9.144124	9.188124	9.1662245	9.183924	9.175124	9.263324	9.544424	9.387124	9.290124	9.232524	9.113024	9.249024	9.392224	9.582025	9.261824	9.329324	9.432524	9.492524
9.551224	9.5096245	9.4738245	9.268724	9.249624	9.143825	9.234924	9.278324	9.301125	9.139724	9.109724	9.041524	9.020324	9.131624	9.282524	9.386424	9.152324	9.129124	9.180424	9.325324	9.361124
9.353524	9.304124	9.267724	9.430224	9.514724	9.473324	9.658624	9.685424	9.867524	9.979424	9.918124	9.926424	9.983725	9.877024	9.804924	9.7582245	9.654024	9.596224	9.545224	9.603124	9.589424
