5.000000000000000000e-01 4.183688739116459665e+00
5.999999999999999778e-01 1.975533708548760092e+00
6.999999999999999556e-01 6.771821254119725353e-01
7.999999999999999334e-01 7.136478377784349902e-02
8.999999999999999112e-01 0.000000000000000000e+00
9.999999999999998890e-01 3.299535327744638202e-01
1.099999999999999867e+00 9.410954830354221201e-01
1.199999999999999734e+00 1.723530322867304232e+00
1.299999999999999822e+00 2.578666784700835990e+00
1.399999999999999911e+00 3.421626669891488781e+00
1.499999999999999778e+00 4.183688739116458777e+00
1.599999999999999645e+00 4.814057311863898292e+00
1.699999999999999734e+00 5.280592097354905867e+00
1.799999999999999822e+00 5.569368497180422040e+00
1.899999999999999689e+00 5.683106540332174106e+00
1.999999999999999556e+00 5.638630506289777244e+00
2.099999999999999645e+00 5.463606839785910552e+00
2.199999999999999734e+00 5.192857870701054424e+00
2.299999999999999822e+00 4.864565376294559762e+00
2.399999999999999467e+00 4.516664408733218394e+00
2.499999999999999556e+00 4.183688739116462330e+00
2.599999999999999645e+00 3.894270745489547547e+00
2.699999999999999289e+00 3.669427522176626155e+00
2.799999999999999378e+00 3.521688703804143117e+00
2.899999999999999467e+00 3.455047044292313352e+00
2.999999999999999556e+00 3.465646447144289599e+00
3.099999999999999645e+00 3.543068937860720524e+00
3.199999999999999289e+00 3.672045456492271320e+00
3.299999999999999378e+00 3.834397040297870429e+00
3.399999999999999467e+00 4.011012929971747631e+00
3.499999999999999112e+00 4.183688739116458777e+00
3.599999999999999201e+00 4.336678129243554558e+00
3.699999999999999289e+00 4.457851539661254137e+00
3.799999999999999378e+00 4.539401020881332904e+00
3.899999999999999467e+00 4.578076615242805403e+00
3.999999999999999112e+00 4.574982845990624547e+00
4.099999999999999645e+00 4.535000209746881339e+00
4.199999999999999289e+00 4.465923532683152786e+00
4.299999999999998934e+00 4.377425135207643869e+00
4.399999999999998579e+00 4.279955553619870123e+00
4.499999999999999112e+00 4.183688739116461441e+00
4.599999999999998757e+00 4.097603740307138587e+00
4.699999999999999289e+00 4.028773096369088869e+00
4.799999999999998934e+00 3.981902158782143708e+00
4.899999999999998579e+00 3.959136091400342838e+00
4.999999999999999112e+00 3.960125014531830523e+00
5.099999999999998757e+00 3.982314944619193664e+00
5.199999999999999289e+00 4.021414589879890755e+00
5.299999999999998934e+00 4.071976802551048991e+00
5.399999999999998579e+00 4.128028982771676958e+00
5.499999999999999112e+00 4.183688739116459665e+00
5.599999999999998757e+00 4.233708820338589085e+00
5.699999999999999289e+00 4.273907477623334117e+00
5.799999999999998934e+00 4.301455442636738624e+00
5.899999999999998579e+00 4.315006941207663260e+00
5.999999999999999112e+00 4.314677980344600705e+00
6.099999999999998757e+00 4.301889115942898911e+00
6.199999999999998401e+00 4.279100906975722651e+00
6.299999999999998934e+00 4.249477550095496881e+00
6.399999999999998579e+00 4.216517443869690851e+00
6.499999999999998224e+00 4.183688739116461441e+00
6.599999999999998757e+00 4.154103736685848425e+00
6.699999999999998401e+00 4.130259027373454295e+00
6.799999999999998934e+00 4.113859451045101423e+00
6.899999999999998579e+00 4.105734289656610692e+00
6.999999999999998224e+00 4.105844590971961416e+00
7.099999999999998757e+00 4.113372027613376503e+00
7.199999999999998401e+00 4.126872930199382061e+00
7.299999999999998934e+00 4.144476564982379152e+00
7.399999999999998579e+00 4.164104574913863210e+00
7.499999999999998224e+00 4.183688739116460553e+00
7.599999999999998757e+00 4.201366577712707162e+00
7.699999999999998401e+00 4.215638407772629215e+00
7.799999999999998046e+00 4.225474692581907554e+00
7.899999999999998579e+00 4.230368314399542307e+00
7.999999999999998224e+00 4.230332140025895526e+00
8.099999999999997868e+00 4.225847400433795364e+00
8.199999999999999289e+00 4.217772538973663998e+00
8.299999999999997158e+00 4.207225003390965945e+00
8.399999999999998579e+00 4.195449823556631763e+00
8.499999999999998224e+00 4.183688739116460553e+00
8.599999999999997868e+00 4.173062264863595772e+00
8.699999999999997513e+00 4.164474661394119259e+00
8.799999999999998934e+00 4.158548644055957588e+00
8.899999999999998579e+00 4.155593180204678383e+00
8.999999999999998224e+00 4.155604257360246301e+00
9.099999999999997868e+00 4.158295380838834099e+00
9.199999999999997513e+00 4.163152042762790828e+00
9.299999999999997158e+00 4.169502676121479290e+00
9.399999999999998579e+00 4.176597756683879226e+00
9.499999999999998224e+00 4.183688739116460553e+00
9.599999999999997868e+00 4.190099325867745250e+00
9.699999999999997513e+00 4.195283015672784721e+00
9.799999999999997158e+00 4.198862764392202962e+00
9.899999999999998579e+00 4.200650693121811941e+00
9.999999999999998224e+00 4.200647876382221035e+00
