2.973438632501220272e-02
6.288849566253383594e-02
4.896875454110299897e-02
1.197360970664216040e-01
5.349287213400760743e-02
2.225877972382520054e-02
1.791809866791073749e-02
2.965252983436179879e-02
3.482681027822796122e-02
2.837351642309002969e-02
2.906103228919120277e-02
2.733887190964881531e-02
2.606221800264443833e-02
1.660314800841712277e-02
3.507779970583436990e-02
5.273070575450768127e-02
3.160724499023899459e-02
1.020242964027574251e-01
4.190690369374240609e-02
3.045814412869553636e-02
5.123518032530927080e-02
8.814394674183753664e-03
6.391021856636827647e-02
3.531950089196672637e-02
