0.000000000000000000e+00
0.000000000000000000e+00
0.000000000000000000e+00
0.000000000000000000e+00
0.000000000000000000e+00
0.000000000000000000e+00
0.000000000000000000e+00
0.000000000000000000e+00
0.000000000000000000e+00
0.000000000000000000e+00
0.000000000000000000e+00
1.983636149216319415e-03
4.367784974734854203e-09
0.000000000000000000e+00
1.132533807850207623e-08
4.321848643205551833e-08
2.943190199795232131e-08
3.700341975570347932e-09
0.000000000000000000e+00
0.000000000000000000e+00
0.000000000000000000e+00
4.306172987514791799e-07
5.946865859537513177e-04
8.491087032308792387e-03
0.000000000000000000e+00
0.000000000000000000e+00
1.169077396287202311e-06
7.849827851447497770e-03
0.000000000000000000e+00
0.000000000000000000e+00
1.833202994259783150e-04
6.410523362991432906e-09
1.942479900677407951e-07
0.000000000000000000e+00
0.000000000000000000e+00
1.933285707963993811e-07
4.825214929499636181e-08
0.000000000000000000e+00
1.784322573370292730e-07
0.000000000000000000e+00
1.665454702487834419e-03
2.568092167629007608e-05
1.097163859476019306e-02
1.340628934323054782e-05
9.026808986239679941e-07
0.000000000000000000e+00
4.506288226733891513e-05
1.508057354585686289e-09
3.984434794991538599e-06
0.000000000000000000e+00
4.026838095544071546e-07
0.000000000000000000e+00
5.372329900056824998e-09
2.729521274601228310e-04
0.000000000000000000e+00
1.207080720976349846e-05
0.000000000000000000e+00
2.421289570095314156e-06
5.863679587252444655e-06
0.000000000000000000e+00
6.514607319137225514e-06
7.339749312694237311e-08
0.000000000000000000e+00
0.000000000000000000e+00
4.953544286536497131e-06
0.000000000000000000e+00
0.000000000000000000e+00
0.000000000000000000e+00
0.000000000000000000e+00
0.000000000000000000e+00
4.507366531052781683e-08
7.900374212303199915e-04
1.578864488652015647e-08
1.619374904555135415e-04
0.000000000000000000e+00
6.963719511610792992e-06
8.170268206527592019e-05
3.049697542528746622e-04
0.000000000000000000e+00
0.000000000000000000e+00
1.763695018396588109e-07
0.000000000000000000e+00
0.000000000000000000e+00
0.000000000000000000e+00
0.000000000000000000e+00
0.000000000000000000e+00
0.000000000000000000e+00
0.000000000000000000e+00
0.000000000000000000e+00
0.000000000000000000e+00
0.000000000000000000e+00
5.497779800661609444e-08
9.151130046229812853e-01
7.562683012367481037e-07
0.000000000000000000e+00
5.697756787105961750e-09
3.370254326152666829e-09
2.334522117556091930e-03
0.000000000000000000e+00
0.000000000000000000e+00
0.000000000000000000e+00
0.000000000000000000e+00
8.399636056805504132e-06
4.906114515822496830e-02
0.000000000000000000e+00
0.000000000000000000e+00
