3.536883366312521360e-08
1.498455609366441676e-01
7.616208848228822603e-02
1.944782696964758306e-01
1.587096821359625098e-01
9.150431015375042054e-02
6.963760371056106069e-02
1.947558101215943749e-01
9.238353178495495657e-03
2.780530572252237417e-02
1.442841358370817959e-08
1.163826361823835833e-03
5.229123161857172269e-08
1.048798720753159287e-06
1.771916985477711358e-06
2.453518195194977171e-04
5.809340251271560473e-06
8.400295476574987948e-06
9.118158694811868888e-07
2.395134050197672828e-08
5.542843331361748562e-06
1.443553776483719750e-04
4.768446452004634435e-06
5.797427094413579076e-07
2.231202374788406677e-05
1.487176148585408577e-05
1.290840077174760039e-04
1.559992618670723655e-03
7.244818590166990493e-08
2.754296186364362203e-07
7.512641365358807543e-08
2.415383842297424390e-08
4.581828083081849033e-07
5.541776431722311562e-07
3.360360586082386839e-05
9.372103066270293299e-05
1.600753733754445909e-05
4.518159899101182861e-06
2.728027117867443536e-05
1.868999209943839548e-05
2.136478296835628808e-03
1.927456644124107051e-03
3.718499496801856165e-04
2.004893599587102295e-04
8.681715614737898178e-06
3.072183620845932944e-07
6.037848428365866606e-04
2.876190394434387820e-05
8.093604424052361731e-06
5.746848128751714326e-05
5.163678940008694210e-07
5.380876088886104078e-08
5.489133394938574235e-07
9.378072801507065896e-04
5.932945371418375541e-07
1.809645493794017384e-07
3.337949912581713668e-08
1.635694973318875512e-04
1.886911716663331689e-08
2.538766205739673811e-07
8.076760133627364715e-06
5.710726962980366002e-05
7.492157543660847509e-05
1.175176402081909505e-06
2.661029310798502973e-07
1.269618876324591858e-04
5.312154456163450785e-06
3.277237303107223901e-03
8.569387820921924140e-06
3.641809551834955310e-05
1.025029753476738907e-06
3.809129659963470232e-03
2.260240536805884740e-04
8.762945830209739766e-06
1.112833069601740790e-07
2.655869080417681350e-05
3.564668503695339225e-06
4.908554124871224766e-07
1.219737867932873788e-06
6.394620704284201870e-05
6.450298445982862545e-05
2.133512058277159255e-04
2.923349829267706719e-06
2.510014748865951537e-03
1.159316899988151832e-05
9.455921487468731178e-06
5.493673524688372145e-07
0.000000000000000000e+00
0.000000000000000000e+00
3.617648244260112576e-08
1.199186976027206826e-07
3.006694381460860035e-07
9.991485550351642777e-08
2.346169718800116948e-05
5.945892039553122393e-07
4.436036425834418785e-06
5.460761392537810807e-04
9.959488081678970560e-07
4.010300945961626368e-03
7.378888736990633402e-06
2.715499724171565720e-03
3.691521142984095211e-08
0.000000000000000000e+00
5.328173047786177941e-05
9.255869441678354463e-08
5.282139735118388777e-08
