5.633173073517917448e-03
1.924753082733815859e-02
1.830384914182698469e-02
1.973986942591608035e-02
1.950738368563675190e-02
1.869767276889729851e-02
1.850786273786147323e-02
2.004510666078839279e-02
1.545474152433205101e-02
1.653614270298902136e-02
5.417406078574449509e-03
1.305777795426205437e-02
5.737945774923244868e-03
7.433233664393403169e-03
7.602659453660474097e-03
1.147650522682051692e-02
8.295339125014181830e-03
8.432619673151205489e-03
7.079315354388445759e-03
5.812166711612145632e-03
8.312846418737952769e-03
1.073234748315159311e-02
8.228707717609340042e-03
7.121475513536786386e-03
9.406520237595084044e-03
9.236369131872791682e-03
1.071270112756060079e-02
1.355802113992569773e-02
5.787566726432544391e-03
6.629278821386165414e-03
5.781414107413902770e-03
5.486998972323453398e-03
6.660936720019091338e-03
6.786996432613722624e-03
9.757344860838675776e-03
1.039158325961653251e-02
8.982435035785310898e-03
8.251905199227629537e-03
9.380022673244193046e-03
9.200609260405336401e-03
1.350701954358546342e-02
1.353481778290534752e-02
1.191753498315962882e-02
1.110035431177161178e-02
8.735861773857479112e-03
6.518522393388317265e-03
1.210961735874038075e-02
9.537857102998419101e-03
8.431862421904858310e-03
1.011024164378765411e-02
7.119042768435206864e-03
5.877791936946869314e-03
6.812172857074150385e-03
1.273889936208863136e-02
7.127160633514131351e-03
6.231732000587963949e-03
5.668530922843461120e-03
1.100986658624296399e-02
5.340057104637429414e-03
6.376176763187870432e-03
8.527737685632438489e-03
1.020218684976583953e-02
1.068967456276159050e-02
7.395860025532676428e-03
6.773381541517743167e-03
1.110078860038202740e-02
8.541440236900224234e-03
1.414792685912235823e-02
8.614249616884032609e-03
9.906210983240572657e-03
7.548768515284941423e-03
1.415674307436810657e-02
1.123879708956051701e-02
8.828089589992328332e-03
6.527412192432737945e-03
9.661452162897737894e-03
8.133195611411500603e-03
6.931585620762080284e-03
7.499121667687121823e-03
1.025588463511522760e-02
1.035562781992414513e-02
1.128226573787424573e-02
7.792510741476426153e-03
1.378372168679387229e-02
8.969276776705155038e-03
8.833229701638588977e-03
7.011891939621625429e-03
4.025575476935545731e-03
3.942327927632555649e-03
5.158152797102285268e-03
6.058645628366783609e-03
6.496532368470139124e-03
5.920127370392717220e-03
9.226461131681474789e-03
6.904905920454321513e-03
8.062674962998646680e-03
1.205168566193963973e-02
7.125950822845291723e-03
1.448484232749956517e-02
8.522380364883379994e-03
1.398711254100061877e-02
4.670500324949936923e-03
4.700267971123911481e-03
1.010250919975789335e-02
6.009290063764422159e-03
5.611522956056569714e-03
