6.990435187406769495e-03
7.261273075526002499e-03
7.845449289718081989e-03
9.418351811782211050e-03
1.362705435880440415e-02
3.764689991431361370e-03
9.271680419571545068e-03
1.393763397396326903e-02
8.687043875645242275e-03
1.237590626293125565e-02
8.058310273584529115e-03
9.298388848501254814e-03
6.750230408351823135e-03
8.039372822418818301e-03
7.542571611759645196e-03
9.145521996661546901e-03
7.315617912800123634e-03
7.564244061968381297e-03
6.370714763682147445e-03
1.112871686848335151e-02
8.002808383871013245e-03
6.503499695984200218e-03
1.244090459206590241e-02
7.598210835471494277e-03
6.843365002305108052e-03
8.539207692038031094e-03
1.001291360484268811e-02
1.394448784548732272e-02
8.578255512538057043e-03
1.132359937572398161e-02
1.546549832762687468e-02
1.482080870472162436e-02
1.060224130398734060e-02
8.087130086681581717e-03
6.958255617370971181e-03
7.156837862307696696e-03
1.390419360119239146e-02
1.059127116350557993e-02
1.134970653027124118e-02
1.474720459162621664e-02
9.637760318717065317e-03
1.192509217880014828e-02
9.700758367683203626e-03
1.262126559762109107e-02
1.292985489674624948e-02
1.054734178985692120e-02
9.399622508500479409e-03
1.809071406928182066e-02
9.532912631026829037e-03
1.085895265791439641e-02
1.465733111941795903e-02
5.366276105680093701e-03
1.017075782585208713e-02
1.363183414054579441e-02
5.772425151817808624e-03
8.853911148534624603e-03
9.065049092243379972e-03
9.098831865553087470e-03
9.476211738422937389e-03
7.570025440837563693e-03
7.175878237129073439e-03
8.722952334229649995e-03
1.011504575444309786e-02
1.123168435666011163e-02
1.050493150776447143e-02
8.266023909863294897e-03
4.189225379735378972e-03
6.888551366835556425e-03
9.370714974241536876e-03
7.568157797212785205e-03
6.650682377849870090e-03
9.392232776385268933e-03
1.228929035940003016e-02
9.881871401075522157e-03
1.135482105893234790e-02
5.118387324616823289e-03
6.203255738105454761e-03
8.905376031492540784e-03
9.596165718173656212e-03
1.205224193231703607e-02
6.851817189471458118e-03
7.263777490216516593e-03
6.255225234748503296e-03
1.091834381281006974e-02
1.059924137052243101e-02
1.016190903801908983e-02
1.206029808811310590e-02
6.959428285858717915e-03
1.375825376177256497e-02
9.018776744625535760e-03
1.262404111336615925e-02
7.313645943622581677e-03
7.554558341886279983e-03
7.920388528168887526e-03
5.401229683309542208e-03
1.717324412157131275e-02
7.355674750938376132e-03
6.656886004436852675e-03
5.571062304736295982e-03
1.001432084399961168e-02
7.017807962694988001e-03
1.569898534388611613e-02
8.284810317129432181e-03
6.228283782604723470e-03
1.031745816795459451e-02
4.772504647408109223e-03
