2	0.885496454	0.013996256	14.5285486	0.050658894	0.692	0.007
3	0.818297124	0.008698236	16.05909748	0.051578922	0.839	0.012
4	0.831103206	0.00859962	18.20167455	0.046382134	0.856	0.01
7	0.833500033	0.010198523	17.77777778	0.072691358	0.84	0.012
9	0.759001761	0.008600929	17.809439	0.072950507	0.89	0.011
11	0.811701489	0.008598114	17.62425097	0.065228987	0.856	0.013
12	0.741300835	0.009402406	16.55081099	0.060264456	0.824	0.013
14	0.776699029	0.010900933	16.02564103	0.061637081	0.797	0.011
16	0.68369991	0.005197995	18.28153565	0.050132182	0.826	0.006
17	0.670699808	0.009698512	17.79676099	0.066512187	0.806	0.01
18	0.83689712	0.007599305	18.21161901	0.069649244	0.857	0.012
19	0.757300376	0.010701582	16.70285619	0.055797081	0.794	0.008
20	0.746201833	0.015997357	16.16292226	0.088821619	0.833	0.011
21	0.795001034	0.014903188	16.61129568	0.044149623	0.725	0.007
23	0.802098289	0.008498808	16.33186347	0.053345953	0.754	0.009
25	0.800602053	0.010800237	15.71091909	0.064176574	0.67	0.01
26	0.765298313	0.009698886	17.35508504	0.075299744	0.828	0.015
27	0.749001955	0.006300074	18.54599407	0.058472162	0.884	0.009
28	0.789602514	0.012700127	17.96945193	0.083954313	0.788	0.014
29	0.759001761	0.013601336	16.84352367	0.085111287	0.86	0.025
30	0.728698326	0.011097926	16.28929793	0.053068245	0.766	0.01
31	0.790001738	0.009698557	18.06358382	0.048943959	0.867	0.008
32	0.700702104	0.00890153	18.54599407	0.037834929	0.822	0.009
33	0.776898156	0.007798134	16.94915254	0.074691181	0.852	0.016
36	0.826002561	0.011203041	16.75884029	0.050554571	0.779	0.009
38	0.84420244	0.008701795	12.21001221	0.019380972	0.377	0.004
39	0.909297568	0.01379966	17.33102253	0.075091085	0.857	0.013
40	0.838201889	0.008901719	16.87194196	0.03985274	0.85	0.006
41	0.812697587	0.007800238	16.93480102	0.034414498	0.856	0.007
42	0.772701984	0.006102039	17.23840717	0.041602775	0.891	0.007
43	0.807200226	0.01060108	17.19099192	0.056150739	0.787	0.007
44	0.814199642	0.009897411	16.2601626	0.063454293	0.786	0.005
46	0.833597306	0.007101719	17.76198934	0.053633005	0.864	0.008
47	0.837499895	0.011201455	17.98884691	0.035595847	0.853	0.008
48	0.850101587	0.005803062	17.46114894	0.042684841	0.878	0.006
49	0.81030054	0.007603277	17.59633996	0.03405943	0.805	0.006
50	0.821496932	0.010898944	18.24151769	0.073205653	0.814	0.009
51	0.832798954	0.007400222	17.02707305	0.060883455	0.831	0.009
54	0.742997251	0.008098499	15.8579131	0.093045161	0.842	0.014
55	0.855600332	0.006603108	18.23486506	0.036576133	0.854	0.01
56	0.84640321	0.006898917	14.85442662	0.103707375	0.812	0.012
57	0.725199974	0.007399624	22.27171492	0.054563221	0.878	0.009
59	0.81319986	0.010798931	16.90331305	0.085716598	0.849	0.014
60	0.759497516	0.010700317	18.05706031	0.101077802	0.827	0.01
61	0.785397883	0.009302095	18.25483753	0.066647819	0.821	0.006
63	0.794300102	0.008498393	17.96945193	0.051664192	0.847	0.007
64	0.779800059	0.013700226	19.01502187	0.054235658	0.831	0.009
65	0.720201656	0.008999279	19.14608463	0.047654432	0.849	0.008
67	0.764601986	0.010599092	18.51166235	0.04797543	0.85	0.01
71	0.744701449	0.008701364	19.64250638	0.073307331	0.868	0.009
74	0.755897893	0.009302093	18.54943424	0.030967336	0.854	0.006
75	0.703898188	0.007001029	18.87148519	0.071226591	0.916	0.01
76	0.753102783	0.010600291	19.39111887	0.071442943	0.804	0.007
77	0.784799994	0.008899914	17.85395465	0.044626918	0.846	0.009
78	0.729697978	0.008199871	18.72308556	0.077121865	0.896	0.012
79	0.695899067	0.014198958	19.27153594	0.066850578	0.874	0.009
80	0.728199527	0.007498082	18.10282404	0.045879713	0.871	0.008
82	0.786701596	0.020398924	17.71479185	0.037657662	0.856	0.009
83	0.705502212	0.010800814	18.90716582	0.057196947	0.772	0.007
84	0.709300346	0.012899663	16.04621309	0.051496191	0.77	0.009
87	0.77950221	0.010202002	16.88333615	0.051308467	0.845	0.007
88	0.783797341	0.011002798	17.86990708	0.044706701	0.855	0.009
89	0.826002561	0.009702025	17.46114894	0.048782676	0.897	0.009
90	0.782901433	0.009898895	16.86625063	0.039825857	0.873	0.008
91	0.781402618	0.010001465	18.41281532	0.074586989	0.851	0.009
92	0.750700028	0.012798233	16.7196121	0.050318177	0.876	0.009
93	0.800800801	0.013300187	17.70538244	0.084639753	0.871	0.009
94	0.705397703	0.013897575	18.43997787	0.023802295	0.838	0.008
97	0.730497542	0.010197605	18.8253012	0.038983116	0.905	0.007
98	0.729602148	0.008799238	18.63238308	0.048603198	0.883	0.007
100	0.766101539	0.010100748	18.17520901	0.036337205	0.891	0.011
101	0.749001955	0.008802152	19.17545542	0.036769809	0.893	0.01
104	0.762497331	0.010098956	19.7394394	0.074032639	0.884	0.011
105	0.742997251	0.01339813	18.89287739	0.042832898	0.886	0.01
106	0.758702316	0.014402243	17.56234633	0.061687202	0.841	0.012
107	0.814199642	0.010401231	17.00969553	0.052079354	0.855	0.009
108	0.672201123	0.009900129	19.36858416	0.07127699	0.877	0.008
109	0.688600901	0.009801119	19.20122888	0.07742431	0.857	0.006
110	0.664398852	0.016699139	18.5150898	0.037708941	0.835	0.008
113	0.696301248	0.011999677	14.95662579	0.042503124	0.886	0.008
114	0.728501909	0.013002518	18.57700167	0.037961549	0.796	0.007
115	0.80870163	0.012798747	15.65925462	0.063755186	0.758	0.005
116	0.75480243	0.043601185	18.2748538	0.153626329	0.834	0.029
117	0.848198003	0.01859752	17.33102253	0.093112946	0.774	0.009
118	0.811602672	0.011500883	17.98884691	0.05824775	0.907	0.01
119	0.801500409	0.010002213	17.31901628	0.059989665	0.853	0.007
120	0.758098386	0.01029886	17.43375174	0.057747783	0.873	0.008
123	0.759999696	0.011598199	16.34788295	0.069485852	0.85	0.009
124	0.762997665	0.010799169	20.02402883	0.064153877	0.889	0.01
126	0.754597385	0.011502228	17.12915382	0.035208949	0.84	0.005
128	0.805899182	0.013801312	16.96640652	0.074843327	0.804	0.006
129	0.787997226	0.012002763	18.28487841	0.053493885	0.895	0.007
133	0.77080202	0.012001542	18.40942563	0.050836043	0.865	0.01
135	0.754699894	0.007899963	17.64290755	0.056028994	0.833	0.007
136	0.707298614	0.011901455	10.79214332	0.044258736	0.204	0.004
137	0.877400788	0.034403798	18.28153565	0.070185055	0.789	0.017
139	0.752502069	0.010102067	20.89427497	0.061119902	0.87	0.012
140	0.543100452	0.019599966	8.383635144	0.23475303	0.066	0.061
141	0.769799236	0.011899225	17.54078232	0.049228647	0.781	0.007
142	0.656198119	0.011298838	18.25483753	0.079977382	0.864	0.008
144	0.774299453	0.012302553	17.14677641	0.035281433	0.804	0.007
145	0.755498138	0.011700937	17.12915382	0.061615661	0.878	0.01
150	0.787997226	0.013101826	19.6772924	0.077439167	0.862	0.012
152	0.78820219	0.012698609	19.21229587	0.081204709	0.879	0.011
153	0.774197544	0.012700901	18.25150575	0.056629969	0.862	0.007
154	0.723400561	0.011298228	19.37984496	0.071359894	0.891	0.01
155	0.740899897	0.011697755	17.03287345	0.07833207	0.846	0.011
156	0.832798954	0.012400747	18.18512457	0.066139751	0.879	0.01
157	0.813802083	0.007198917	17.9147259	0.057768733	0.889	0.009
160	0.8517017	0.011599079	17.55926251	0.070915371	0.823	0.01
161	0.714102088	0.007802109	17.42160279	0.057667326	0.864	0.01
164	0.923702198	0.005400919	8.846426044	0.015651851	0.253	0.003
