2	1.18469	0.00435085	10.5485	0.333814	0.6000	0.0140
3	1.24254	0.0101899	13.5135	0.146092	0.8100	0.0220
4	1.22145	0.0095484	14.1643	0.160502	0.7620	0.0240
5	1.24813	0.00981429	14.1643	0.0601883	0.8090	0.0220
7	1.25125	0.0230148	14.2045	0.262300	0.8430	0.0490
8	1.24626	0.0170848	14.2248	0.222578	0.8510	0.0450
9	1.20758	0.0129785	14.4092	0.207626	0.7640	0.0370
10	1.24409	0.0196566	13.947	0.233423	0.8380	0.0320
11	1.28485	0.017664	14.3885	0.248434	0.8090	0.0330
12	1.13753	0.0122927	12.3916	0.122841	0.7370	0.0140
14	1.13058	0.00869187	12.3916	0.184261	0.7780	0.0210
15	1.14903	0.00924187	11.9904	0.100639	0.7720	0.0160
16	1.04822	0.00835058	13.587	0.110763	0.7750	0.0150
18	1.2475	0.00996012	13.624	0.185613	0.8300	0.0170
20	1.1976	0.00516333	12.987	0.134930	0.8480	0.0150
21	1.23381	0.00745916	12.5313	0.0785171	0.7200	0.0140
22	1.20802	0.00598319	12.7551	0.0488078	0.6670	0.0130
23	1.18723	0.00563802	12.7551	0.0976156	0.7400	0.0140
25	1.17028	0.00890203	12.0192	0.144462	0.6220	0.0210
26	1.24673	0.0209834	13.9276	0.271568	0.7280	0.0330
27	1.21007	0.0149355	14.8368	0.132078	0.7700	0.0310
28	1.17055	0.00753602	13.9082	0.212782	0.7930	0.0430
29	1.20525	0.0152527	13.4771	0.254285	0.8700	0.0480
30	1.19531	0.00914417	12.5	0.109375	0.7480	0.0230
31	1.2427	0.00602277	14.0449	0.0789042	0.9050	0.0180
32	1.09337	0.00346685	14.3678	0.206434	0.8190	0.0170
33	1.23426	0.0117302	12.7551	0.227770	0.7710	0.0300
36	1.27535	0.00894581	13.4048	0.125783	0.7710	0.0160
39	1.36351	0.00910991	13.8122	0.152620	0.8260	0.0170
40	1.24828	0.00389553	12.987	0.101198	0.8330	0.0180
41	1.27178	0.00469052	12.837	0.115351	0.7800	0.0150
42	1.2273	0.00738064	13.5501	0.110164	0.8090	0.0150
43	1.22399	0.00464427	13.3333	0.0533333	0.7730	0.0180
44	1.25047	0.00453465	12.7551	0.113885	0.7560	0.0140
46	1.24239	0.0135831	13.4228	0.108103	0.8460	0.0200
49	1.20453	0.00986605	13.4409	0.0903284	0.7980	0.0140
50	1.15902	0.0138362	13.459	0.144915	0.8170	0.0270
51	1.23824	0.00628624	12.987	0.0843313	0.7930	0.0140
52	1.14718	0.00987023	13.7931	0.0760999	0.8170	0.0120
53	1.10583	0.00709256	12.6263	0.0478268	0.7580	0.0130
54	1.14837	0.00844001	12.3762	0.122537	0.8170	0.0180
55	1.26231	0.00621434	13.5318	0.146488	0.8200	0.0130
56	1.25063	0.00813313	13.4048	0.215627	0.7830	0.0200
59	1.29971	0.018075	12.9199	0.150231	0.7320	0.0270
60	1.16279	0.0098702	14.0647	0.0593447	0.8470	0.0180
61	1.15181	0.00782731	14.3678	0.144504	0.8220	0.0180
62	1.12549	0.00646034	14.7059	0.0865052	0.8300	0.0220
63	1.2279	0.0214098	14.1044	0.119360	0.8120	0.0320
64	1.16713	0.00558502	14.7275	0.0650701	0.7670	0.0190
65	1.16374	0.00541714	14.1243	0.0598487	0.7250	0.0190
69	1.13404	0.00810215	15.361	0.165172	0.8100	0.0190
70	1.19474	0.0131322	13.986	0.273852	0.8060	0.0330
71	1.1325	0.0152625	14.8368	0.286170	0.8170	0.0310
74	1.17633	0.00816417	14.1443	0.140042	0.8530	0.0310
75	1.16496	0.0150641	15.015	0.225451	0.8870	0.0500
76	1.17055	0.0139759	15.8228	0.225324	0.8420	0.0420
77	1.14916	0.0130737	14.0449	0.157808	0.8200	0.0210
78	1.09782	0.0155471	14.6199	0.149619	0.8280	0.0390
79	1.14903	0.00897782	13.6612	0.130640	0.8930	0.0500
80	1.11297	0.00867085	14.0647	0.0593447	0.7800	0.0160
82	1.2054	0.00566666	12.9534	0.100674	0.7860	0.0150
83	1.03993	0.00713765	14.8148	0.131687	0.7930	0.0190
84	1.0016	0.00551764	12.6422	0.159826	0.7770	0.0220
85	1.22115	0.00894725	13.0719	0.239224	0.7510	0.0350
87	1.14247	0.00522091	13.4409	0.126460	0.8030	0.0160
88	1.23977	0.0161389	13.4048	0.251565	0.8230	0.0470
89	1.27943	0.00687512	13.8313	0.0573911	0.8150	0.0190
90	1.21021	0.00512616	12.7714	0.130487	0.7760	0.0140
91	1.17165	0.00658922	14.3062	0.306999	0.8150	0.0210
92	1.12854	0.00878787	13.0378	0.118989	0.7900	0.0160
93	1.19147	0.00454272	13.9665	0.117038	0.7980	0.0180
94	1.0381	0.00905224	14.3678	0.103217	0.7750	0.0210
95	1.13443	0.0056625	13.8889	0.115741	0.7300	0.0310
96	1.2577	0.0115473	14.9031	0.222103	0.8030	0.0340
97	1.09039	0.0196178	14.1044	0.159147	0.8090	0.0300
98	1.09842	0.0117033	15.2672	0.209778	0.8520	0.0340
99	1.22384	0.0139294	14.3062	0.122800	0.8320	0.0340
100	1.19632	0.0127374	15.674	0.319376	0.7610	0.0390
101	1.18694	0.0173287	15.0602	0.204130	0.7580	0.0540
102	1.14995	0.0120338	14.3062	0.266066	0.8470	0.0340
104	1.17675	0.0217403	16.0772	0.491103	0.7420	0.0460
105	1.11173	0.00803362	15.3374	0.117618	0.8150	0.0210
106	1.15367	0.00585619	14.4718	0.125659	0.7890	0.0190
108	1.05619	0.00669321	15.1976	0.138580	0.7580	0.0200
109	1.06304	0.00723232	14.556	0.127127	0.7470	0.0170
110	1.05686	0.00524967	14.0056	0.117694	0.7510	0.0200
113	1.06598	0.0105678	15.2672	0.209778	0.7750	0.0160
114	1.13986	0.0102643	14.8368	0.154091	0.7620	0.0170
115	1.18751	0.00606375	12.4688	0.0621887	0.7000	0.0130
116	1.33156	0.0367021	14.6413	0.257241	0.7880	0.0270
117	1.25723	0.00806119	13.8122	0.133543	0.7170	0.0220
118	1.30073	0.0096438	14.4509	0.083531	0.7590	0.0230
119	1.24704	0.00653144	13.8313	0.0573911	0.8230	0.0150
120	1.16822	0.00504957	13.624	0.111368	0.7680	0.0180
123	1.1279	0.00763301	12.8535	0.132169	0.7640	0.0140
124	1.12829	0.00814739	15.1976	0.461932	0.8220	0.0130
126	1.14705	0.0048682	13.3156	0.0886523	0.8110	0.0130
129	1.2133	0.0080965	13.6986	0.168887	0.8320	0.0190
132	1.21536	0.00768095	13.5685	0.0736419	0.7770	0.0170
133	1.18483	0.0126345	14.3885	0.207029	0.8270	0.0230
135	1.17578	0.00248842	14.556	0.0635635	0.8070	0.0130
139	1.1946	0.00870513	16.6113	0.137968	0.8250	0.0220
140	1.15701	0.00696104	13.1062	0.0858857	0.7370	0.0150
141	1.1566	0.00642112	13.8313	0.0382607	0.7510	0.0170
142	1.08015	0.00513356	14.4509	0.187945	0.7270	0.0130
144	1.10656	0.00832646	13.4771	0.0544896	0.7600	0.0150
146	1.24023	0.00784471	14.9477	0.156403	0.7980	0.0230
150	1.19517	0.0158556	15.6495	0.0734716	0.8860	0.0540
152	1.23001	0.0181552	15.2439	0.209139	0.8800	0.0450
153	1.22459	0.0172456	14.1844	0.261556	0.8150	0.0350
154	1.18357	0.0222734	15.8983	0.202204	0.8160	0.0450
155	1.11957	0.00513909	14.9925	0.247253	0.8200	0.0170
157	1.2773	0.00881011	13.245	0.0701724	0.8280	0.0130
160	1.29333	0.010538	14.1243	0.159597	0.8160	0.0200
161	1.12982	0.0100842	13.2626	0.105538	0.7970	0.0200
162	1.05775	0.00682494	13.8122	0.0763102	0.7020	0.0140
